40
40
42
42
47
47
42
42
40
40
42
42
40
40
42
42
37
37
42
42
40
40
42
42
37
37
40
40
37
37
40
40
42
42
40
40
42
42
40
40
42
42
40
40
42
42
40
40
42
42
40
40
42
42
40
40
42
42
40
40
42
42
40
40
42
42
40
40
42
42
40
40
42
42
40
40
42
42
40
40
42
42
37
37
42
42
40
40
42
42
37
37
42
42
37
37
40
40
37
37
40
40
37
37
40
40
37
37
40
40
42
42
40
40
42
42
40
40
42
42
40
40
42
42
40
40
42
42
40
40
42
42
40
40
42
42
40
40
42
42
40
40
42
42
40
40
42
42
40
40
42
42
40
40
42
42
40
40
42
42
37
37
42
42
40
40
42
42
37
37
42
42
37
37
40
40
37
37
40
40
37
37
40
40
37
37
40
40
42
42
40
40
42
42
40
40
42
42
40
40
