40
40
40
40
40
40
40
40
40
40
40
40
40
40
40
40
43
43
43
43
43
43
43
43
44
44
44
44
44
44
44
44
40
40
40
40
40
40
40
40
40
40
40
40
42
42
42
42
42
42
42
42
42
42
40
40
40
40
40
40
40
40
40
40
40
40
40
40
40
40
47
47
47
47
47
47
47
47
47
47
47
47
47
47
47
47
45
45
47
47
49
49
49
49
39
39
39
39
39
39
39
39
39
39
39
39
39
39
39
39
0
0
0
0
0
0
0
0
0
0
0
0
0
0
0
0
45
45
45
45
42
42
42
42
47
47
47
47
40
40
40
40
47
47
47
47
42
42
42
42
37
37
37
37
38
38
38
38
40
40
40
40
38
38
38
38
38
38
38
38
0
0
38
38
42
42
42
42
45
45
45
45
45
45
45
45
44
44
44
44
47
47
47
47
47
47
47
47
47
47
47
47
47
47
47
47
45
45
40
40
42
42
40
40
38
38
38
38
37
37
37
37
35
35
35
35
40
40
40
40
40
40
40
40
42
42
42
42
44
44
44
44
37
37
37
37
37
37
37
37
44
44
44
44
49
49
49
49
49
49
49
49
46
46
46
46
46
46
46
46
0
0
0
0
0
0
0
0
0
0
0
0
0
0
0
0
35
35
47
47
43
43
0
0
0
0
0
0
0
0
0
0
0
0
0
0
0
0
40
40
44
44
45
45
45
45
40
40
40
40
47
47
47
47
45
45
45
45
45
45
45
45
45
45
45
45
45
45
45
45
45
45
45
45
45
45
45
45
45
45
45
45
45
45
45
45
42
42
42
42
42
42
42
42
40
40
40
40
47
47
37
37
37
37
40
40
40
40
39
39
39
39
40
40
40
40
40
40
40
40
42
42
42
42
42
42
42
42
44
44
45
45
44
44
45
45
45
45
45
45
45
45
45
45
45
45
44
44
44
44
50
50
50
50
42
42
42
42
42
42
42
42
40
40
40
40
45
45
45
45
42
42
42
42
44
44
44
44
42
42
42
42
42
42
42
42
42
42
42
42
42
42
42
42
47
47
47
47
47
47
47
47
47
47
47
47
40
40
40
40
37
37
43
43
43
43
45
45
45
45
42
42
42
42
45
45
45
45
45
45
45
45
42
42
42
42
43
43
43
43
43
43
43
43
49
49
49
49
49
49
49
49
49
49
49
49
40
40
40
40
47
47
47
47
42
42
42
42
40
40
40
40
38
38
38
38
37
37
37
37
35
35
47
47
49
49
44
44
44
44
45
45
45
45
45
45
45
45
45
45
45
45
45
45
45
45
