49
49
54
54
52
52
52
52
51
51
51
51
49
49
54
54
49
49
52
52
52
52
54
54
47
47
50
50
50
50
50
50
50
50
52
52
52
52
54
54
52
52
54
54
54
54
54
54
54
54
52
52
52
52
54
54
54
54
54
54
54
54
54
54
54
54
50
50
55
55
47
47
45
45
47
47
52
52
50
50
49
49
47
47
50
50
49
49
54
54
54
54
54
54
54
54
45
45
45
45
45
45
45
45
0
0
0
0
0
0
0
0
0
0
0
0
0
0
0
0
0
0
0
0
0
0
0
0
0
0
0
0
0
0
0
0
0
0
0
0
0
0
0
0
0
0
0
0
0
0
0
0
0
0
0
0
0
0
0
0
0
0
0
0
0
0
0
0
0
0
0
0
0
0
0
0
0
0
0
0
0
0
0
0
0
0
0
0
0
0
0
0
0
0
0
0
0
0
0
0
0
0
0
0
0
0
0
0
0
0
0
0
0
0
0
0
0
0
0
0
0
0
0
0
0
0
0
0
0
0
0
0
0
0
0
0
0
0
0
0
0
0
0
0
0
0
0
0
0
0
0
0
0
0
0
0
0
0
0
0
0
0
0
0
0
0
0
0
0
0
0
0
0
0
0
0
0
0
52
52
52
52
52
52
52
52
52
52
52
52
52
52
52
52
50
50
50
50
50
50
50
50
50
50
50
50
50
50
50
50
49
49
47
47
52
52
45
45
47
47
51
51
49
49
54
54
52
52
51
51
49
49
52
52
50
50
49
49
51
51
52
52
51
51
49
49
51
51
52
52
54
54
54
54
52
52
52
52
52
52
52
52
52
52
52
52
52
52
52
52
54
54
52
52
54
54
56
56
54
54
54
54
54
54
54
54
54
54
52
52
52
52
52
52
52
52
52
52
52
52
52
52
52
52
50
50
49
49
47
47
54
54
54
54
54
54
52
52
47
47
45
45
56
56
54
54
54
54
54
54
54
54
54
54
54
54
54
54
54
54
52
52
54
54
49
49
50
50
49
49
47
47
47
47
50
50
50
50
49
49
49
49
50
50
52
52
51
51
49
49
54
54
54
54
54
54
54
54
54
54
54
54
54
54
54
54
47
47
47
47
49
49
54
54
