49
49
47
47
49
49
47
47
49
49
54
54
52
52
50
50
49
49
50
50
49
49
54
54
52
52
54
54
49
49
54
54
52
52
54
54
49
49
54
54
50
50
49
49
47
47
49
49
47
47
45
45
50
50
49
49
47
47
49
49
50
50
49
49
47
47
49
49
47
47
45
45
47
47
49
49
47
47
49
49
47
47
49
49
47
47
49
49
47
47
49
49
47
47
49
49
47
47
49
49
47
47
49
49
50
50
49
49
47
47
49
49
47
47
49
49
50
50
49
49
54
54
49
49
54
54
53
53
54
54
49
49
54
54
49
49
54
54
49
49
54
54
49
49
54
54
52
52
54
54
49
49
54
54
52
52
54
54
52
52
54
54
49
49
54
54
52
52
54
54
52
52
54
54
52
52
54
54
47
47
54
54
52
52
54
54
52
52
54
54
52
52
54
54
52
52
54
54
52
52
