56
56
54
54
52
52
59
59
61
61
59
59
54
54
59
59
61
61
59
59
57
57
59
59
61
61
59
59
61
61
59
59
61
61
59
59
61
61
59
59
61
61
59
59
61
61
59
59
61
61
59
59
61
61
59
59
61
61
59
59
61
61
59
59
61
61
59
59
61
61
59
59
61
61
59
59
61
61
59
59
61
61
59
59
61
61
59
59
61
61
59
59
61
61
59
59
61
61
59
59
61
61
59
59
61
61
59
59
61
61
59
59
61
61
59
59
61
61
59
59
61
61
59
59
61
61
59
59
61
61
59
59
61
61
59
59
61
61
59
59
61
61
59
59
61
61
59
59
61
61
59
59
61
61
59
59
61
61
59
59
61
61
59
59
61
61
59
59
61
61
59
59
61
61
59
59
61
61
59
59
61
61
59
59
61
61
59
59
61
61
59
59
61
61
59
59
61
61
59
59
