66
66
64
64
62
62
61
61
61
61
62
62
68
68
66
66
66
66
66
66
66
66
64
64
64
64
73
73
69
69
68
68
68
68
66
66
65
65
66
66
71
71
71
71
71
71
71
71
69
69
68
68
69
69
69
69
68
68
66
66
68
68
66
66
66
66
66
66
66
66
66
66
66
66
66
66
66
66
64
64
64
64
73
73
71
71
71
71
69
69
69
69
69
69
69
69
68
68
66
66
65
65
65
65
66
66
61
61
69
69
69
69
68
68
66
66
68
68
66
66
66
66
66
66
66
66
68
68
68
68
73
73
71
71
71
71
69
69
68
68
66
66
69
69
71
71
61
61
61
61
71
71
71
71
71
71
71
71
69
69
69
69
71
71
71
71
71
71
71
71
71
71
71
71
71
71
71
71
69
69
69
69
68
68
66
66
71
71
71
71
73
73
73
73
71
71
73
73
73
73
71
71
71
71
68
68
68
68
64
64
64
64
64
64
64
64
66
66
66
66
66
66
66
66
0
0
64
64
66
66
66
66
69
69
69
69
69
69
69
69
69
69
69
69
69
69
69
69
68
68
64
64
69
69
68
68
61
61
66
66
59
59
61
61
63
63
64
64
63
63
71
71
61
61
61
61
61
61
61
61
61
61
61
61
61
61
61
61
68
68
68
68
64
64
64
64
66
66
66
66
71
71
71
71
71
71
71
71
71
71
71
71
71
71
71
71
69
69
69
69
69
69
69
69
68
68
68
68
68
68
68
68
66
66
66
66
64
64
64
64
68
68
68
68
66
66
66
66
68
68
68
68
68
68
68
68
68
68
68
68
68
68
68
68
68
68
68
68
69
69
69
69
66
66
67
67
69
69
69
69
69
69
69
69
69
69
69
69
69
69
69
69
69
69
69
69
69
69
69
69
69
69
69
69
69
69
69
69
65
65
66
66
64
64
64
64
62
62
66
66
