56
56
54
54
52
52
51
51
49
49
51
51
54
54
52
52
51
51
49
49
48
48
49
49
49
49
51
51
51
51
52
52
52
52
52
52
54
54
56
56
56
56
58
58
58
58
59
59
59
59
60
60
60
60
60
60
60
60
61
61
61
61
61
61
57
57
56
56
54
54
52
52
51
51
49
49
47
47
45
45
59
59
57
57
56
56
54
54
52
52
51
51
49
49
48
48
48
48
49
49
49
49
49
49
49
49
48
48
48
48
49
49
49
49
51
51
51
51
52
52
52
52
53
53
53
53
54
54
54
54
61
61
61
61
61
61
61
61
59
59
59
59
59
59
59
59
57
57
56
56
54
54
54
54
59
59
59
59
59
59
57
57
59
59
61
61
62
62
61
59
61
61
62
62
53
53
53
53
54
54
54
54
54
54
53
53
57
57
56
56
54
54
54
54
54
54
54
54
54
54
61
61
59
59
57
57
56
56
56
56
61
61
61
61
59
59
59
59
62
62
62
62
61
61
61
61
61
61
61
61
61
61
61
61
60
60
60
60
61
61
61
61
61
61
61
61
0
0
0
0
56
56
56
56
56
56
56
56
56
56
56
56
0
0
0
0
61
61
61
61
66
66
66
66
66
66
64
64
63
63
63
63
61
61
60
60
61
61
61
61
0
0
0
0
0
0
0
0
64
64
64
64
61
61
61
61
61
61
61
61
61
61
61
61
60
60
61
61
63
63
68
68
61
61
61
61
61
61
61
61
60
60
60
60
61
61
61
61
0
0
0
0
0
0
0
0
0
0
0
0
0
0
0
0
0
0
0
0
0
0
0
0
0
0
0
0
0
0
66
66
64
64
62
62
61
61
59
59
